BURNER TSPSALT TIME ORDER
 1  0   7   7   
 1  0   8  21  
 1  0   7  30  
 1  2   4  13   
 1  2   7  25   
 1  2   7  26   
 1  4   7  24   
 1  4   7  34  
 1  4   7  41  
 1  6   5  15    
 1  6   7  33     
 1  6   7  37     
 2  0   4   6  
 2  0   4  20   
 2  0   4  27 
 2  2   4  36   
 2  2   5  44    
 2  2   4  45  
 2  4   4   1   
 2  4   4  14   
 2  4   5  18   
 2  6   4  28    
 2  6   4  31    
 2  6   4  38     
 3  0   6   9   
 3  0   7  16   
 3  0   6  22    
 3  2   6  46     
 3  2   6  47   
 3  2   5  48   
 3  4   7   8    
 3  4   6  12   
 3  4   7  43   
 3  6   5  35     
 3  6   6  39      
 3  6   6  40    
 4  0   9  29   
 4  0   9  32  
 4  0   9  42   
 4  2   8   5    
 4  2   8  10   
 4  2   8  11   
 4  4   8   3   
 4  4   9  19   
 4  4  10  23   
 4  6   8   2    
 4  6   8   4     
 4  6   7  17    